20.6140883333 -100.403811667
20.61409 -100.403811667
20.61409 -100.403813333
20.61409 -100.403813333
20.61409 -100.403813333
20.6140916667 -100.403813333
20.6140916667 -100.403813333
20.6140933333 -100.403813333
20.614095 -100.403815
20.6140966667 -100.403815
20.6140983333 -100.403815
20.614105 -100.403811667
20.61411 -100.403811667
20.6141166667 -100.403811667
20.6141216667 -100.403815
20.6141233333 -100.403815
20.6141266667 -100.403816667
20.6141333333 -100.403818333
20.6141383333 -100.403821667
20.6141416667 -100.403825
20.6141483333 -100.403833333
20.6141533333 -100.403836667
20.6141583333 -100.403841667
20.6141616667 -100.403846667
20.6141666667 -100.403851667
20.61417 -100.403858333
20.6141733333 -100.403861667
20.61418 -100.403866667
20.6141866667 -100.403873333
20.6141933333 -100.40388
20.6142 -100.403883333
20.6142066667 -100.40389
20.6142116667 -100.403895
20.6142166667 -100.403898333
20.6142216667 -100.403903333
20.6142266667 -100.403906667
20.6142316667 -100.403911667
20.614235 -100.403915
20.6142383333 -100.403916667
20.6142416667 -100.403918333
20.614245 -100.403921667
20.6142483333 -100.403925
20.6142516667 -100.403928333
20.614255 -100.403931667
20.6142566667 -100.403933333
20.6142566667 -100.403936667
20.614255 -100.403938333
20.6142533333 -100.403943333
20.61425 -100.403946667
20.6142483333 -100.403948333
20.6142483333 -100.40395
20.614245 -100.403955
20.6142416667 -100.403961667
20.6142383333 -100.403966667
20.6142366667 -100.40397
20.6142316667 -100.403975
20.6142283333 -100.403976667
20.614225 -100.403983333
20.61422 -100.40399
20.6142166667 -100.403996667
20.6142116667 -100.404
20.6142066667 -100.404005
20.6142033333 -100.404005
20.6141966667 -100.404008333
20.6141933333 -100.40401
20.61419 -100.404011667
20.614185 -100.404013333
20.61418 -100.404015
20.614175 -100.404011667
20.6141716667 -100.404008333
20.61417 -100.404006667
20.6141716667 -100.404003333
20.61417 -100.404003333
20.6141733333 -100.404003333
20.6141733333 -100.404003333
20.6141733333 -100.404003333
20.6141733333 -100.404003333
20.6141733333 -100.404003333
20.6141733333 -100.404003333
20.6141733333 -100.404001667
20.6141733333 -100.404001667
20.6141716667 -100.404
20.6141716667 -100.403998333
20.6141716667 -100.403996667
20.6141716667 -100.403996667
20.6141716667 -100.403996667
20.61417 -100.403996667
