20.6140716667 -100.403788333
20.6140716667 -100.403788333
20.6140716667 -100.403788333
20.6140716667 -100.403788333
20.6140733333 -100.403788333
20.6140733333 -100.403788333
20.6140733333 -100.403788333
20.6140733333 -100.403788333
20.6140733333 -100.403788333
20.6140733333 -100.403788333
20.6140733333 -100.403788333
20.6140733333 -100.403788333
20.6140733333 -100.403788333
20.6140733333 -100.403788333
20.6140733333 -100.403788333
20.6140733333 -100.403788333
20.6140733333 -100.403788333
20.6140733333 -100.403788333
20.6140733333 -100.403788333
20.6140733333 -100.403788333
20.6140733333 -100.403788333
20.6140716667 -100.403788333
20.6140716667 -100.403788333
20.6140716667 -100.403788333
20.6140716667 -100.403788333
20.6140716667 -100.403788333
20.6140716667 -100.403788333
20.6140716667 -100.403788333
20.6140716667 -100.403788333
20.6140716667 -100.403788333
20.6140716667 -100.403788333
20.6140716667 -100.403788333
20.6140716667 -100.403788333
20.6140716667 -100.403788333
20.6140716667 -100.403788333
20.6140716667 -100.403788333
20.6140716667 -100.403788333
20.6140716667 -100.403788333
20.6140716667 -100.403788333
20.6140716667 -100.403788333
20.6140716667 -100.403788333
20.6140716667 -100.403788333
20.6140716667 -100.403788333
20.6140716667 -100.403788333
20.6140716667 -100.403788333
20.6140716667 -100.403788333
20.6140716667 -100.403788333
20.6140716667 -100.403788333
20.6140716667 -100.403788333
20.6140716667 -100.403788333
20.6140716667 -100.403788333
20.6140716667 -100.40379
20.6140716667 -100.40379
20.6140716667 -100.40379
20.6140716667 -100.40379
20.61407 -100.40379
20.61407 -100.40379
20.61407 -100.40379
20.61407 -100.403791667
20.61407 -100.403791667
20.61407 -100.403791667
20.61407 -100.403791667
20.61407 -100.403791667
20.61407 -100.403791667
20.61407 -100.403791667
20.61407 -100.403793333
20.6140683333 -100.403793333
20.6140683333 -100.403795
20.6140683333 -100.403795
20.6140666667 -100.403796667
20.6140666667 -100.403798333
20.614065 -100.4038
20.614065 -100.403801667
20.6140633333 -100.403805
20.6140633333 -100.403806667
20.6140616667 -100.403813333
20.6140583333 -100.403826667
20.614055 -100.403838333
20.6140533333 -100.403846667
20.61405 -100.403855
20.61405 -100.403861667
20.6140483333 -100.40387
20.6140466667 -100.403876667
20.614045 -100.403883333
20.614045 -100.403891667
20.6140433333 -100.403901667
20.6140466667 -100.403911667
20.6140466667 -100.40392
20.614045 -100.40393
20.6140416667 -100.403938333
20.6140433333 -100.403948333
20.6140433333 -100.403958333
20.6140433333 -100.403966667
20.6140433333 -100.40397
20.6140416667 -100.403973333
20.6140416667 -100.403976667
20.6140416667 -100.403981667
20.6140416667 -100.403985
20.6140416667 -100.403986667
20.6140416667 -100.403988333
20.6140433333 -100.403991667
20.61404 -100.404
20.61404 -100.404008333
20.61404 -100.404013333
20.6140383333 -100.404016667
20.6140383333 -100.40402
20.6140366667 -100.404021667
20.614035 -100.404023333
20.614035 -100.404025
20.6140333333 -100.404026667
20.6140333333 -100.404026667
20.6140333333 -100.404028333
20.6140333333 -100.404028333
20.6140316667 -100.40403
20.6140316667 -100.40403
20.6140333333 -100.404031667
20.6140333333 -100.404031667
20.6140333333 -100.404033333
20.614035 -100.404035
20.61404 -100.404038333
20.6140433333 -100.404043333
20.6140483333 -100.404048333
20.614055 -100.404053333
20.61406 -100.40406
20.614065 -100.404066667
20.6140716667 -100.404073333
20.6140766667 -100.40408
20.6140816667 -100.404086667
20.6140866667 -100.404093333
20.61409 -100.404098333
20.614095 -100.404103333
20.6140983333 -100.404106667
20.6141 -100.404108333
20.6141033333 -100.404111667
20.6141066667 -100.404113333
20.6141083333 -100.404113333
20.6141116667 -100.404113333
20.614115 -100.404113333
20.6141183333 -100.404113333
20.6141216667 -100.404113333
20.614125 -100.404111667
20.6141283333 -100.404108333
20.6141316667 -100.404106667
20.614135 -100.404103333
20.6141383333 -100.404098333
20.6141416667 -100.404095
20.614145 -100.40409
20.61415 -100.404085
20.6141533333 -100.40408
20.614155 -100.404075
20.6141566667 -100.40407
20.6141583333 -100.404063333
20.61416 -100.404058333
20.6141633333 -100.404053333
20.614165 -100.404045
20.6141666667 -100.404036667
20.61417 -100.40403
20.6141716667 -100.404021667
20.614175 -100.404013333
20.6141766667 -100.404005
20.6141783333 -100.403996667
20.6141816667 -100.403986667
20.614185 -100.403978333
20.6141866667 -100.403968333
20.6141883333 -100.403968333
20.6141883333 -100.403966667
20.6141866667 -100.403965
20.6141866667 -100.403965
20.6141866667 -100.403963333
